,sr,miu,irstp_consumption,irstp_damage,Utility 2105,Disutility 2105,Distance to consumption threshold 2105,Population below consumption threshold 2105,Distance to damage threshold 2105,Population above damage threshold 2105,Temperature overshoot 2105
0,0.162179400291264,2065.0000009167984,0.0010000000204447774,0.007031790720357121,9954.781120957736,45.949948055177686,0.0,0.0,0.8360436273231715,4536.524725402596,7.0
1,0.1636576695989122,2065.000000015726,0.0010000000077262795,0.014703157751596571,9956.695480158814,45.98999008828836,0.0,0.0,0.8392763040599582,4536.524725402596,7.0
2,0.12299700398294729,2065.0000001891926,0.001000000010148373,0.007719828944937077,9887.889004525223,44.819911598600825,0.0,0.0,0.7507837774746307,4536.524725402596,7.0
3,0.24672250208586663,2065.000000004855,0.001000000005479813,0.014803893990075727,10007.560391305668,48.00508310407954,0.0,0.0,1.0232896852744864,4536.524725402596,7.0
4,0.10900664219231,2065.0000001804574,0.0010000000047531226,0.007783988008852463,9855.433956295607,44.37988052769851,0.0,0.0,0.7205046668131877,4536.524725402596,7.0
5,0.14250695923714846,2065.0000000411383,0.0010000000000139704,0.013985300090679276,9925.270225577191,45.399945163095616,0.0,0.0,0.7931407744382114,4536.524725402596,7.0
6,0.15452789827756913,2065.00000000516,0.0010000000010371509,0.002324161748260545,9944.212058207717,45.73989040257562,0.0,0.0,0.8193314332874669,4536.524725402596,7.0
7,0.12925336035036508,2065.00000001621,0.0010000000061571967,0.014461643744622913,9900.825152346983,45.00996313657966,0.0,0.0,0.7643481680823938,4536.524725402596,7.0
8,0.1877643024023205,2065.0000000651225,0.0010000000018879898,0.014927926342653077,9982.443069301431,46.619934320317874,0.0,0.0,0.8921841183608554,4536.524725402596,7.0
9,0.20186500657871942,2065.0000000366686,0.0010000000000390651,0.007583567331477826,9993.05128965931,46.96984110899463,0.0,0.0,0.9233095306683619,4536.524725402596,7.0
10,0.24597811371942035,2065.0001592166623,0.0010000000108706004,0.005052429626832682,10007.540487661334,47.98882408499307,0.0,0.0,1.0216229957971092,4536.524725402596,7.0
11,0.10962910010524204,2065.0001059272317,0.0010000000209752296,0.014754293352706113,9856.986915326506,44.399951212068494,0.0,0.0,0.7218530253005335,4536.524725402596,7.0
12,0.22292858659278292,2065.0000422633243,0.0010000000625658562,0.0134192904886028,10003.33501076748,47.46979922740503,0.0,0.0,0.970069636217737,4536.524725402596,7.0
13,0.11783098976656042,2065.0001144181724,0.0010000005911395716,0.004571297061131081,9876.488834170468,44.659950376776244,0.0,0.0,0.739597865150532,4536.524725402596,7.0
14,0.21479337896119413,2065.0000000181067,0.0010000000358102066,0.009701198277074588,10000.122248860383,47.279766141870866,0.0,0.0,0.9519705802559391,4536.524725402596,7.0
15,0.2135266183138087,2065.0000261133614,0.0010000002567351152,0.010718654375455711,9999.537151638384,47.249845118136015,0.0,0.0,0.9491576997968585,4536.524725402596,7.0
16,0.12463154827483808,2065.0000011236248,0.0010000000707936015,0.014507212575792771,9891.35895935697,44.86995031283914,0.0,0.0,0.7543261033020611,4536.524725402596,7.0
17,0.12858985468655357,2065.0000051363963,0.0010000006781907434,0.01441953426993278,9899.496481734608,44.989996401359974,0.0,0.0,0.7629089760227379,4536.524725402596,7.0
18,0.13259654255702719,2065.000005651946,0.0010000005108648604,0.0055692878944357885,9907.361188430543,45.109916747783636,0.0,0.0,0.7716034982682045,4536.524725402596,7.0
19,0.11975882383519959,2065.00000033745,0.0010000000188242005,0.010226110831920897,9880.821361503371,44.719956692236465,0.0,0.0,0.7437692422102615,4536.524725402596,7.0
20,0.1411135719645166,2065.000000038158,0.001000000000166138,0.01374059102633738,9922.881300944957,45.35971760282454,0.0,0.0,0.7901097809128572,4536.524725402596,7.0
21,0.2423970404372151,2065.0000000046402,0.0010000000053990155,0.0026893526262025116,10007.346805039364,47.90993559455863,0.0,0.0,1.013582002715578,4536.524725402596,7.0
22,0.10408800717113459,2065.0000823497926,0.0010000004074207348,0.013659476567892683,9842.784276826971,44.21992647622165,0.0,0.0,0.7098761388197106,4536.524725402596,7.0
23,0.16811773677015365,2065.000005356436,0.0010000008048664168,0.012757446627481158,9962.226742599543,46.109772288162354,0.0,0.0,0.8490376972809243,4536.524725402596,7.0
24,0.10592194008371908,2065.0000265230483,0.0010000016872333008,0.005567945295337194,9847.578356759188,44.27989487490157,0.0,0.0,0.7138376464001559,4536.524725402596,7.0
25,0.16849907571650238,2065.0000000010273,0.0010000000788121573,0.011631126764373025,9962.683690476348,46.11994122732902,0.0,0.0,0.8498727022143606,4536.524725402596,7.0
26,0.12234848501143045,2065.0000000077803,0.001000000074118784,0.005344944537092042,9886.494174111529,44.799981541765405,0.0,0.0,0.7493786284885463,4536.524725402596,7.0
27,0.17340991757146185,2065.000030825915,0.0010000001242961543,0.01413736265610718,9968.326915802387,46.24994720586448,0.0,0.0,0.8606365581756982,4536.524725402596,7.0
28,0.1945422555812154,2065.00000288484,0.0010000000029553894,0.002509963443154557,9987.931260448195,46.78973611984423,0.0,0.0,0.9071284997755555,4536.524725402596,7.0
29,0.13631772915315962,2065.000000016154,0.0010000000230319102,0.007504756994472733,9914.339142040737,45.21989620478797,0.0,0.0,0.779684800938003,4536.524725402596,7.0
30,0.10715331474149711,2065.000000606918,0.0010000000643374924,0.007056671508002859,9850.746750591032,44.31993805136246,0.0,0.0,0.716498343046487,4536.524725402596,7.0
31,0.17607450798884244,2065.000000607588,0.0010000000166127565,0.013466524227965874,9971.211720044754,46.31972766645561,0.0,0.0,0.8664819648976201,4536.524725402596,7.0
32,0.12008207482942293,2065.0000001859476,0.0010000000000061598,0.00478407123960521,9881.53858070004,44.72998443472438,0.0,0.0,0.7444692845589248,4536.524725402596,7.0
33,0.10993942088482747,2065.0002212344684,0.0010000001083372448,0.004951689218624242,9857.75703192632,44.40995721080048,0.0,0.0,0.7225268034313042,4536.524725402596,7.0
34,0.22990458827129748,2065.000000000757,0.0010000000128312612,0.0027094497588306373,10005.357729161831,47.62980587404982,0.0,0.0,0.985626905996819,4536.524725402596,7.0
35,0.14775808236797108,2065.0000000057585,0.0010000000000139704,0.012273752656002872,9933.906886461707,45.54998603685897,0.0,0.0,0.8045722610228762,4536.524725402596,7.0
36,0.22077674841233322,2065.0000933217275,0.001000000311919838,0.007717214237513252,10002.575375492512,47.419915528139526,0.0,0.0,0.9652793430943369,4536.524725402596,7.0
37,0.18148365718268492,2065.0000023244434,0.0010000000164778868,0.002631700963228332,9976.692885678047,46.4598288783963,0.0,0.0,0.8783639155372034,4536.524725402596,7.0
38,0.180711166234433,2065.000000189054,0.001000000053220673,0.006258651788219703,9975.94040650447,46.439947225858795,0.0,0.0,0.876665819649344,4536.524725402596,7.0
39,0.12104596442887805,2065.0000009008213,0.0010000000670411465,0.010011314484720195,9883.661655874612,44.759820199897426,0.0,0.0,0.7465569764349165,4536.524725402596,7.0
40,0.12958400534825013,2065.0000000260848,0.001000000001504358,0.008357656314384686,9901.483112265465,45.019897532985546,0.0,0.0,0.7650654968727205,4536.524725402596,7.0
41,0.22901961512182684,2065.000000149583,0.001000000620261249,0.013125374904631192,10005.137312075793,47.60965171021028,0.0,0.0,0.9836511122018035,4536.524725402596,7.0
42,0.1491680959368166,2065.0000006555542,0.001000000100309843,0.009416751295407247,9936.129038943374,45.5898622709721,0.0,0.0,0.8076442712335501,4536.524725402596,7.0
43,0.1846135235063547,2065.0000007526573,0.001000000052304697,0.007227396807445623,9979.639623184667,46.53995379917456,0.0,0.0,0.8852477294423586,4536.524725402596,7.0
44,0.13091749787380355,2065.000000398886,0.0010000000000908434,0.011130796756238218,9904.11096256091,45.05985345513457,0.0,0.0,0.767958978686786,4536.524725402596,7.0
45,0.15886003383734398,2065.0000031842633,0.001000000021759925,0.0049985050326551775,9950.33332964993,45.85940405350228,0.0,0.0,0.8287895097915022,4536.524725402596,7.0
46,0.15633747867581615,2065.000000603653,0.0010000000000112083,0.008257820567049745,9946.813094275052,45.789999560597025,0.0,0.0,0.8232808646119378,4536.524725402596,7.0
47,0.10287153664023882,2065.000001828886,0.001000000125801937,0.01345136301133563,9839.551191673701,44.17989388499087,0.0,0.0,0.7072460889865262,4536.524725402596,7.0
48,0.18735244633423143,2065.000010592072,0.0010000001723657927,0.00944364301174621,9982.085638712724,46.609520980098495,0.0,0.0,0.8912773437681121,4536.524725402596,7.0
49,0.17916059652398814,2065.0000556803448,0.0010000000302329613,0.005569055329962794,9974.399679896756,46.39993050093151,0.0,0.0,0.8732601901420052,4536.524725402596,7.0
50,0.20227798303628575,2065.000000165045,0.0010000002136223965,0.01166460151606372,9993.315355708775,46.97989787385543,0.0,0.0,0.9242232116638136,4536.524725402596,7.0
51,0.1764643727376634,2065.000003748257,0.0010000000281607541,0.013533163677473604,9971.623456418438,46.32989634023723,0.0,0.0,0.8673378125371329,4536.524725402596,7.0
52,0.10075959267960621,2065.000004572791,0.0010000001822951447,0.014651477308817993,9833.83605664532,44.10999992406147,0.0,0.0,0.7026842732008618,4536.524725402596,7.0
53,0.20681602177588473,2065.000001389676,0.0010000002415547619,0.014550944869484831,9996.050478856921,47.08971659539576,0.0,0.0,0.9342712901482373,4536.524725402596,7.0
54,0.2237909293670734,2065.000000135857,0.0010000000070002,0.0071526418430116175,10003.621361731706,47.489711256812846,0.0,0.0,0.9719896482893853,4536.524725402596,7.0
55,0.20557570659069502,2065.0000006714486,0.0010000006475631715,0.008425476474177945,9995.333095568656,47.05982629310135,0.0,0.0,0.9315235242905602,4536.524725402596,7.0
56,0.1322612561239031,2065.000022575122,0.001000001244153083,0.004922842051712518,9906.716441993234,45.099946524338414,0.0,0.0,0.7708760861493457,4536.524725402596,7.0
57,0.15309380255536156,2065.0000091370207,0.0010000000213871163,0.002264216953346941,9942.105212457915,45.69998827964088,0.0,0.0,0.8162030548126714,4536.524725402596,7.0
58,0.11401845431414513,2065.000000026319,0.0010000000606307723,0.014132611323335573,9867.643526783317,44.5399984870602,0.0,0.0,0.731343931220879,4536.524725402596,7.0
59,0.19374812209710712,2065.0000000250875,0.0010000000128164252,0.005480484311104283,9987.32596461472,46.76999697051032,0.0,0.0,0.9053758576203557,4536.524725402596,7.0
60,0.11243592763341073,2065.000000121298,0.0010000000122263133,0.014499213119798633,9863.860618931183,44.48974770071868,0.0,0.0,0.7279204701148884,4536.524725402596,7.0
61,0.16070524815439544,2065.000000143807,0.0010000001063418848,0.008577744854975524,9952.831388044275,45.90984502456967,0.0,0.0,0.8328211877241777,4536.524725402596,7.0
62,0.15237305257622152,2065.0000061746896,0.0010000000002020454,0.0073278869877445845,9941.031078471075,45.67986699981709,0.0,0.0,0.8146310170364263,4536.524725402596,7.0
63,0.12364082354500135,2065.0000000008968,0.0010000006192333467,0.008894788375098949,9889.262917179774,44.83965384991771,0.0,0.0,0.7521788989869318,4536.524725402596,7.0
64,0.197378370810214,2065.000002194809,0.001000000162497516,0.013950963665232106,9990.012308734857,46.859895641991635,0.0,0.0,0.9133910140783181,4536.524725402596,7.0
65,0.203515002892542,2065.000001341135,0.0010000000000973232,0.008619428015400867,9994.091762987171,47.00995872898059,0.0,0.0,0.9269607769879917,4536.524725402596,7.0
66,0.10684234139915283,2065.0000037261448,0.0010000000256108527,0.004067739693521387,9849.951030200216,44.30984151050869,0.0,0.0,0.71582628429106,4536.524725402596,7.0
67,0.18815915791960414,2065.0000002360753,0.0010000000075601433,0.008267373374509439,9982.782979193536,46.62991007965975,0.0,0.0,0.8930538619348927,4536.524725402596,7.0
68,0.1857895791719308,2065.000002450406,0.0010000000025198897,0.009188708635821892,9980.705057818788,46.56988691629227,0.0,0.0,0.8878360783522572,4536.524725402596,7.0
69,0.15345198533328916,2065.0000091370207,0.0010000000213871163,0.0022262834602954744,9942.635205667366,45.70997107149976,0.0,0.0,0.8169843594715275,4536.524725402596,7.0
70,0.11943780066633153,2065.000000051291,0.001000000083781681,0.009171213616315446,9880.106453860903,44.709986913707645,0.0,0.0,0.7430740522736116,4536.524725402596,7.0
71,0.12267122480003939,2065.000000003235,0.0010000000164884539,0.009024323702485121,9887.189631732585,44.809905324969804,0.0,0.0,0.7500778872626641,4536.524725402596,7.0
72,0.17993498072174088,2065.0000037192794,0.0010000000036879864,0.009308614375470134,9975.174297183077,46.41992984034535,0.0,0.0,0.8749601529125546,4536.524725402596,7.0
73,0.10317818369536126,2065.000000521343,0.0010000013187694554,0.003721956445719341,9840.369107042903,44.189996524858635,0.0,0.0,0.7079085174110407,4536.524725402596,7.0
74,0.21394582668568893,2065.000008772716,0.0010000000374422652,0.014036519489158284,9999.733489892194,47.25975456111414,0.0,0.0,0.9500881752792962,4536.524725402596,7.0
75,0.1386923227463308,2065.000027348344,0.0010000000976385533,0.014801295583279481,9918.631038182886,45.289400883162955,0.0,0.0,0.784845898224886,4536.524725402596,7.0
76,0.23475733216709055,2065.000000028724,0.0010000000019771676,0.0022131234800304047,10006.375827469235,47.73958354649844,0.0,0.0,0.9964718465308395,4536.524725402596,7.0
77,0.13057872095883036,2065.0000000217065,0.0010000003985607918,0.004665373475478485,9903.446845582996,45.04971907533906,0.0,0.0,0.7672238017676154,4536.524725402596,7.0
78,0.10015812811483207,2065.000003422299,0.0010000000106868796,0.014328540274497623,9832.1848131708,44.08999324728024,0.0,0.0,0.7013852503613343,4536.524725402596,7.0
79,0.17876946725470552,2065.0000100666375,0.0010000000574577224,0.007212838289237946,9974.004660945773,46.38979214238513,0.0,0.0,0.8723997006249872,4536.524725402596,7.0
80,0.1053111994902635,2065.0000099124377,0.0010000000007252547,0.009167710119819988,9845.99364737269,44.259959515271916,0.0,0.0,0.7125174319679586,4536.524725402596,7.0
81,0.13025150022973264,2065.000000075345,0.0010000000112051286,0.005375734619598151,9902.803635774773,45.039919795221756,0.0,0.0,0.7665137613686774,4536.524725402596,7.0
82,0.12759147666955745,2065.000002833082,0.00100000002241336,0.008788406700152695,9897.479480175909,44.95986685106689,0.0,0.0,0.7607435226562044,4536.524725402596,7.0
83,0.133607436445734,2065.000000806611,0.0010000000131909278,0.007661557939260633,9909.287927265297,45.139923964543506,0.0,0.0,0.7737981427234982,4536.524725402596,7.0
84,0.24369115997853838,2065.0000002057154,0.0010000000097250003,0.011076940598617288,10007.435934336989,47.938499767375525,0.0,0.0,1.0164848743678288,4536.524725402596,7.0
85,0.17000178926115583,2065.000004365462,0.001000000000633617,0.014214326128130993,9964.456128352238,46.1599132775105,0.0,0.0,0.853164708624377,4536.524725402596,7.0
86,0.1216985038844066,2065.000003154655,0.0010000000168683637,0.014228361148794173,9885.0859703534,44.77996332604671,0.0,0.0,0.7479705590515398,4536.524725402596,7.0
87,0.16886904348191026,2065.0000006555542,0.0010000000818067229,0.010589948572563089,9963.12379946397,46.12979806154149,0.0,0.0,0.8506830534414922,4536.524725402596,7.0
88,0.14215955443792302,2065.0000126559103,0.0010000000018967272,0.007154328453035716,9924.678452471357,45.38993543654214,0.0,0.0,0.79238531297449,4536.524725402596,7.0
89,0.13905534135905329,2065.000001241768,0.0010000000538244063,0.014519412802373944,9919.276410700275,45.29997182497022,0.0,0.0,0.7856343621003365,4536.524725402596,7.0
90,0.24149071161274918,2065.0001480045344,0.0010000000032096023,0.006459110351980726,10007.271256079954,47.88992682830284,0.0,0.0,1.011554393600856,4536.524725402596,7.0
91,0.22859334840223794,2065.000000078818,0.0010000000986254245,0.009044180100754055,10005.028170667492,47.59992900231043,0.0,0.0,0.9826996365527361,4536.524725402596,7.0
92,0.1404274431332047,2065.0000002884058,0.0010000000004280782,0.007412932243284846,9921.689724319704,45.33984397928299,0.0,0.0,0.7886176265343189,4536.524725402596,7.0
93,0.12332260860358162,2065.000000056379,0.0010000000019207188,0.008207893242068342,9888.585418514895,44.82990139062538,0.0,0.0,0.7514893232807266,4536.524725402596,7.0
94,0.2118231525447445,2065.0000006377736,0.0010000000030672893,0.009006242116698357,9998.714520147892,47.20944340259275,0.0,0.0,0.945375153535315,4536.524725402596,7.0
95,0.17684804118556038,2065.0000000011973,0.001000000003052594,0.013525806701597766,9972.026141665398,46.33989070542951,0.0,0.0,0.8681799618826682,4536.524725402596,7.0
96,0.13496027497429916,2065.000001436738,0.0010000008788982383,0.009917438499139912,9911.82887351536,45.17992971826299,0.0,0.0,0.7767360596366737,4536.524725402596,7.0
97,0.13836726688856768,2065.0000018609503,0.0010000000004783077,0.011516930742628929,9918.05092870659,45.27991153413446,0.0,0.0,0.7841386786273101,4536.524725402596,7.0
98,0.2378859828821711,2065.0000007655035,0.00100000002194154,0.013475975226274122,10006.866020888336,47.80970773305802,0.0,0.0,1.0034734193684158,4536.524725402596,7.0
99,0.15777479202514338,2065.0000043106866,0.0010000000070865397,0.005745182225665648,9948.833842219907,45.829609323794585,0.0,0.0,0.8264192218546699,4536.524725402596,7.0
100,0.20973958090866768,2065.0000027812603,0.0010000000005171597,0.009623039183917107,9997.650696386938,47.15980451839363,0.0,0.0,0.9407524510864065,4536.524725402596,7.0
101,0.16586863077519742,2065.000028672033,0.0010000000069589339,0.0042424989128044925,9959.483236172235,46.04956832364365,0.0,0.0,0.8441144727234423,4536.524725402596,7.0
102,0.2186284216119389,2065.0000108102045,0.0010000000019771676,0.0017634788154136842,10001.753120914258,47.36981413443668,0.0,0.0,0.9604963001345723,4536.524725402596,7.0
103,0.19900739758895591,2065.0000179157396,0.0010000000063792051,0.005260996989166477,9991.151467095111,46.89996668074237,0.0,0.0,0.9169911170383367,4536.524725402596,7.0
104,0.14007364590165686,2065.0000000415052,0.0010000003675032889,0.004422834425624946,9921.070985177765,45.329579352057976,0.0,0.0,0.7878482891457375,4536.524725402596,7.0
105,0.18264784099194314,2065.000005708732,0.001000000037403332,0.010291689390217091,9977.807963381805,46.48971271424202,0.0,0.0,0.8809237757453732,4536.524725402596,7.0
106,0.20104468404832354,2065.0000000393807,0.0010000000041764602,0.006876325084217482,9992.5186575208,46.94983330605026,0.0,0.0,0.9214949908229533,4536.524725402596,7.0
107,0.15525172364153828,2065.0001030618987,0.0010000000001255593,0.007439606492733701,9945.259966624983,45.759995347844104,0.0,0.0,0.8209137206452928,4536.524725402596,7.0
108,0.10652695373348718,2065.0000022158356,0.0010000000544649638,0.007358144627623422,9849.141208165645,44.29958874134466,0.0,0.0,0.7151446004949521,4536.524725402596,7.0
109,0.20889266175107413,2065.000000196262,0.0010000000002566261,0.0068035964184997525,9997.200149298606,47.13955291036613,0.0,0.0,0.9388742384692776,4536.524725402596,7.0
110,0.23078733608097893,2065.00000000018,0.0010000000042172923,0.014514562910096906,10005.566451176954,47.64986777082923,0.0,0.0,0.9875983319205446,4536.524725402596,7.0
111,0.17799428449801075,2065.0000000002083,0.0010000000017429402,0.01118518890056576,9973.214073697845,46.36968990875937,0.0,0.0,0.870696830116511,4536.524725402596,7.0
112,0.21267981125240365,2065.0000002831857,0.0010000000101888294,0.006986704588172386,9999.13359862747,47.229778347941384,0.0,0.0,0.9472767071909789,4536.524725402596,7.0
113,0.1137019224193769,2065.0000062009767,0.0010000000703363572,0.007627239471943311,9866.89212784258,44.52997158987462,0.0,0.0,0.7306592663158021,4536.524725402596,7.0
114,0.20599122979601056,2065.000092596015,0.0010000001208026442,0.007362218659192727,9995.576231037134,47.0698777329842,0.0,0.0,0.932446636208349,4536.524725402596,7.0
115,0.11180674275874858,2065.0000001422873,0.0010000000000490322,0.006664579475014334,9862.338185441802,44.469690486871954,0.0,0.0,0.7265595875826389,4536.524725402596,7.0
116,0.11212941276724574,2065.0000065179283,0.0010000000072583613,0.0070382223665971045,9863.120252803481,44.47998389385197,0.0,0.0,0.7272576400927496,4536.524725402596,7.0
117,0.13768429681214028,2065.0000000020805,0.001000000001324852,0.0031233098055908166,9916.824286789548,45.259955861141364,0.0,0.0,0.7826542524479417,4536.524725402596,7.0
118,0.14705258142707672,2065.0000243046898,0.0010000000134580166,0.0010886553465546207,9932.779700279314,45.52997596548813,0.0,0.0,0.803036221605083,4536.524725402596,7.0
119,0.1949512520416345,2065.0000001928915,0.001000000037308697,0.013910504455471024,9988.23910645849,46.799885035696406,0.0,0.0,0.9080311992316552,4536.524725402596,7.0
120,0.10378450852121336,2065.000000307793,0.001000000418513736,0.010647274388562698,9841.981615983022,44.20993915731126,0.0,0.0,0.7092184452463377,4536.524725402596,7.0
121,0.17111648734067217,2065.0000093923536,0.0010000000075340064,0.007309040491926003,9965.744795655153,46.189454879078795,0.0,0.0,0.8556076345331871,4536.524725402596,7.0
122,0.1380225345114127,2065.0000000127025,0.001000000024994642,0.004462618576667704,9917.433026155268,45.26984399436113,0.0,0.0,0.7833893559827528,4536.524725402596,7.0
123,0.18032390954927885,2065.0000015429246,0.001000000024818869,0.0076709788879156734,9975.559450582203,46.429965288609225,0.0,0.0,0.8758147632163911,4536.524725402596,7.0
124,0.18895445464707666,2065.000000180946,0.001000000004177752,0.008964270289095922,9983.459967905064,46.64997078036146,0.0,0.0,0.8948059597267797,4536.524725402596,7.0
125,0.21015407796272587,2065.0000000462005,0.0010000002100206576,0.014606413847183131,9997.867169526122,47.169699253446566,0.0,0.0,0.9416717524253027,4536.524725402596,7.0
126,0.16107495797412408,2065.000001446897,0.001000000001761958,0.010715404711731146,9953.324284083426,45.919919205674255,0.0,0.0,0.8336292697762485,4536.524725402596,7.0
127,0.2329861915057819,2065.000000000374,0.0010000000008653638,0.006242317471238964,10006.040778303844,47.699660833443104,0.0,0.0,0.99251159415869,4536.524725402596,7.0
128,0.1941374046229263,2065.0000000568352,0.0010000000142662852,0.009380844822422504,9987.62391349901,46.77967777432654,0.0,0.0,0.9062349053145895,4536.524725402596,7.0
129,0.11591689000754608,2065.0000000222603,0.0010000000029296043,0.0058193096644831065,9872.095256058332,44.599912326408,0.0,0.0,0.735451903012579,4536.524725402596,7.0
130,0.11464403573974224,2065.0000000076307,0.0010000000455299652,0.004057735089484754,9869.120831984681,44.55978568045111,0.0,0.0,0.732697473585638,4536.524725402596,7.0
131,0.1133805706664214,2065.0000028766767,0.0010000000003413262,0.004966522875624456,9866.126688486955,44.51977798769016,0.0,0.0,0.7299639749428306,4536.524725402596,7.0
132,0.20848965233434255,2065.000092596015,0.0010000001208026442,0.003636809691069348,9996.981796547192,47.12992910112852,0.0,0.0,0.9379834302461709,4536.524725402596,7.0
133,0.1207281671928738,2065.0000001312483,0.0010000000092078327,0.007171699018819148,9882.964258203596,44.749993993182656,0.0,0.0,0.7458686060914064,4536.524725402596,7.0
134,0.21988539628221457,2065.000002275192,0.001000000055837087,0.011166583435999333,10002.242299052865,47.39914251399509,0.0,0.0,0.9632927039010133,4536.524725402596,7.0
135,0.17227269326475916,2065.0000002224397,0.0010000000043584552,0.007316208852486262,9967.058210549518,46.219994364614,0.0,0.0,0.8581419443148051,4536.524725402596,7.0
136,0.12397834192483093,2065.000000646854,0.0010000003467643612,0.007427488572539942,9889.97974359737,44.849986643139765,0.0,0.0,0.7529103672117674,4536.524725402596,7.0
137,0.23740123517955092,2065.000004211329,0.001000000050326839,0.004084667267450328,10006.798488349828,47.79887692995585,0.0,0.0,1.0023882216170004,4536.524725402596,7.0
138,0.23164925519270124,2065.0000095536743,0.0010000000477878117,0.012259459200699731,10005.7600536262,47.66941929209748,0.0,0.0,0.9895241099797738,4536.524725402596,7.0
139,0.17187115723277355,2065.000000143006,0.0010000005483438896,0.01368082010116855,9966.604218096798,46.209398709519185,0.0,0.0,0.8572616255337562,4536.524725402596,7.0
140,0.1043861321819573,2065.000000025029,0.0010000000003752678,0.008746547014113462,9843.570785891097,44.22968313164276,0.0,0.0,0.7105183076714663,4536.524725402596,7.0
141,0.20064181270926668,2065.00000168477,0.0010000000028598764,0.010133604665556285,9992.2533293257,46.939992323424114,0.0,0.0,0.920604067920388,4536.524725402596,7.0
142,0.1456458278645038,2065.000000184344,0.001000000004254536,0.010894593648426357,9930.501690794135,45.48992590473674,0.0,0.0,0.7999722603367969,4536.524725402596,7.0
143,0.21607438798388098,2065.000000000051,0.0010000000080706661,0.014141637760700322,10000.69030681624,47.309937273129314,0.0,0.0,0.9548170855246618,4536.524725402596,7.0
144,0.12528884108688576,2065.00000000222,0.0010000000061271773,0.010895290621252066,9892.736221862186,44.889994179716574,0.0,0.0,0.7557508301948853,4536.524725402596,7.0
145,0.15561267340927604,2065.0000001668827,0.0010000000003824317,0.011627742014783355,9945.778929257547,45.769961372380656,0.0,0.0,0.8216987423664818,4536.524725402596,7.0
146,0.24419923570191576,2065.000005873877,0.0010000000001861823,0.005812319656315355,10007.465024146364,47.94969309547165,0.0,0.0,1.0176250859510045,4536.524725402596,7.0
147,0.10166252990858096,2065.0000000134464,0.0010000000088793458,0.0064878320129807664,9836.295501540977,44.13994862101337,0.0,0.0,0.7046344138806513,4536.524725402596,7.0
148,0.10932023190713619,2065.000000083712,0.0010000000021458144,0.014640686846016134,9856.217727884372,44.38998340462847,0.0,0.0,0.7211826502578085,4536.524725402596,7.0
149,0.10622796890175255,2065.0000000907,0.0010000000063375158,0.0066423298316319445,9848.371019242633,44.289858143459064,0.0,0.0,0.7144983789047179,4536.524725402596,7.0
150,0.21778076676390934,2065.0000541830964,0.0010000004849446745,0.014264066650851248,10001.410084335437,47.34999709045657,0.0,0.0,0.958612304864588,4536.524725402596,7.0
151,0.15130467793493108,2065.0000000384266,0.001000000000476047,0.008008796891486415,9939.419873145755,45.64995986136892,0.0,0.0,0.8123012476394433,4536.524725402596,7.0
152,0.21948691528066744,2065.0000005802567,0.0010000000009768688,0.007538478179220232,10002.089672696357,47.3898532708769,0.0,0.0,0.9624059397357903,4536.524725402596,7.0
153,0.11653985891928663,2065.000002283164,0.001000000000113103,0.007597115865229215,9873.535744063249,44.61948699178902,0.0,0.0,0.7368002541647353,4536.524725402596,7.0
154,0.1418080949772281,2065.000000401237,0.0010000000029579677,0.007346047745757063,9924.077202013454,45.37979083073186,0.0,0.0,0.7916204442303759,4536.524725402596,7.0
155,0.19094063123091787,2065.000000386531,0.0010000000000457583,0.0053309573096399394,9985.10623413833,46.69988597777467,0.0,0.0,0.8991835309831813,4536.524725402596,7.0
156,0.17569784443293976,2065.000007462725,0.0010000000153719787,0.005733848188502144,9970.811411846384,46.30989571851025,0.0,0.0,0.8656554642373158,4536.524725402596,7.0
157,0.20929820540319063,2065.0000000263535,0.0010000000218311179,0.013877200294537248,9997.41718511407,47.14925521969939,0.0,0.0,0.9397735061604431,4536.524725402596,7.0
158,0.15166095618801914,2065.0000010508493,0.0010000000395087288,0.008415126932550733,9939.959662028872,45.65994365387903,0.0,0.0,0.813078075173388,4536.524725402596,7.0
159,0.20640530641631888,2065.000000544637,0.0010000000114198163,0.008075555788973123,9995.81582291934,47.079828930249626,0.0,0.0,0.9333612606037804,4536.524725402596,7.0
160,0.11306875092562205,2065.0000000044506,0.0010000000455299652,0.014915938051556873,9865.381243466007,44.50987578107482,0.0,0.0,0.7292893487437608,4536.524725402596,7.0
161,0.24765474395852102,2065.0000001052967,0.0010000000104097722,0.007894484012426508,10007.57502618244,48.02546900276064,0.0,0.0,1.0253838603401126,4536.524725402596,7.0
162,0.1393989836710505,2065.0000011641077,0.0010000000006385088,0.007465030184040947,9919.884680011679,45.309974111638475,0.0,0.0,0.7863814373122905,4536.524725402596,7.0
163,0.13293271898691647,2065.0000000029827,0.0010000000030290304,0.006747204239319385,9908.004843221897,45.11990560170928,0.0,0.0,0.7723331807180527,4536.524725402596,7.0
164,0.10746104278985086,2065.000000159573,0.0010000000551408379,0.01127504312167137,9851.531570873016,44.32991870796709,0.0,0.0,0.7171634787769376,4536.524725402596,7.0
165,0.19941075725391685,2065.000001818657,0.0010000000087054086,0.009457595688761575,9991.427213081037,46.90985670643584,0.0,0.0,0.9178822369932216,4536.524725402596,7.0
166,0.1811009313893622,2065.000003389663,0.0010000001862699405,0.01448689982834176,9976.321172365355,46.4499844911058,0.0,0.0,0.8775226155968099,4536.524725402596,7.0
167,0.13327274735859218,2065.0000016213007,0.001000000001573247,0.00599262436514673,9908.652752305063,45.12999980810512,0.0,0.0,0.7730714632457331,4536.524725402596,7.0
168,0.18697295058860766,2065.000010904068,0.0010000000018641675,0.013773857271782042,9981.754192437882,46.599912936911345,0.0,0.0,0.8904416497520984,4536.524725402596,7.0
169,0.13564059572692758,2065.000003003508,0.0010000000099939191,0.01261480816661463,9913.092503392178,45.199982339261894,0.0,0.0,0.7782138430102249,4536.524725402596,7.0
170,0.2387943780096736,2065.0000000848713,0.0010000000345354101,0.013252620375733647,10006.984189749986,47.82997356495806,0.0,0.0,1.005507700963021,4536.524725402596,7.0
171,0.17954937247582786,2065.000074373023,0.0010000000000855826,0.003446480445863443,9974.789792933276,46.409989375325864,0.0,0.0,0.8741148553819083,4536.524725402596,7.0
172,0.10500556699613649,2065.000000000229,0.001000000009722633,0.010453801775607025,9845.195834949778,44.24996612087469,0.0,0.0,0.7118567576365998,4536.524725402596,7.0
173,0.2450294737468198,2065.0000000161913,0.0010000000040363748,0.00598701599398301,10007.505417459926,47.96795168890588,0.0,0.0,1.0194882499541613,4536.524725402596,7.0
174,0.11719100919670554,2065.0000000222603,0.0010000000028577527,0.005565736095142302,9875.030754058927,44.6399005652997,0.0,0.0,0.7382096328322305,4536.524725402596,7.0
175,0.13462242588458315,2065.000000010571,0.001000000000166294,0.006265935026198058,9911.198814203284,45.16995498877888,0.0,0.0,0.7760022518228977,4536.524725402596,7.0
176,0.192542548081524,2065.000000016601,0.001000000032280797,0.008023213010357199,9986.388061606005,46.739953695260745,0.0,0.0,0.9027161247667204,4536.524725402596,7.0
177,0.1596077932925825,2065.0000001637068,0.0010000000006139724,0.007461162029824404,9951.353483295235,45.87987734057767,0.0,0.0,0.8304230320154494,4536.524725402596,7.0
178,0.11275089183616674,2065.000004734948,0.0010000006158553875,0.008876764185624655,9864.61819252386,44.49977258876255,0.0,0.0,0.7286018763423908,4536.524725402596,7.0
179,0.10561647069493206,2065.0000002212837,0.0010000000039139052,0.008159428153874038,9846.787905442718,44.269924763772764,0.0,0.0,0.7131768796063656,4536.524725402596,7.0
180,0.23834692072754998,2065.000000270998,0.0010000000509261867,0.009603134171578256,10006.92731256106,47.81999624411063,0.0,0.0,1.0045055697337033,4536.524725402596,7.0
181,0.18187834234767755,2065.000000020943,0.0010000000016914192,0.007920651591599178,9977.07348639341,46.46996978666971,0.0,0.0,0.8792315705853431,4536.524725402596,7.0
182,0.13394481660679358,2065.000005649968,0.0010000000177213825,0.013894040556261433,9909.925653514234,45.149918568110515,0.0,0.0,0.7745308618446101,4536.524725402596,7.0
183,0.22813198231128057,2065.0000002853785,0.0010000000000132687,0.006986704588172386,10004.906795724817,47.58939479839342,0.0,0.0,0.9816699796990707,4536.524725402596,7.0
184,0.11496534308080791,2065.000000053725,0.0010000000924881064,0.008966544969975863,9869.875576136643,44.56993177850621,0.0,0.0,0.7333927245458357,4536.524725402596,7.0
185,0.18225436433386527,2065.000000875918,0.0010000000163440407,0.005351608849996284,9977.433634524874,46.47962193118429,0.0,0.0,0.8800583781161218,4536.524725402596,7.0
186,0.24100914123945028,2065.0000000586997,0.0010000000031235913,0.007878442235365124,10007.227124130737,47.879208397616495,0.0,0.0,1.0104702378904473,4536.524725402596,7.0
187,0.22505228358943116,2065.0000000085884,0.0010000000606618876,0.013216276335792431,10004.021472236485,47.518781640655035,0.0,0.0,0.9748009308823378,4536.524725402596,7.0
188,0.16699408081818104,2065.000000054748,0.0010000000633750947,0.011518911809824044,9960.867925616925,46.07973794191085,0.0,0.0,0.8465772025088852,4536.524725402596,7.0
189,0.14529490510620519,2065.0000000001705,0.0010000001712439867,0.0022518741398665897,9929.926873012275,45.479909643346446,0.0,0.0,0.7992082512401617,4536.524725402596,7.0
190,0.2325468580370083,2065.0000000201126,0.0010000000049440697,0.006646523859383164,10005.951185503929,47.68973252633381,0.0,0.0,0.9915296235362137,4536.524725402596,7.0
191,0.12430394991312928,2065.0000001892404,0.0010000000011116388,0.008992654624237185,9890.668744549992,44.85994336854862,0.0,0.0,0.7536160394270732,4536.524725402596,7.0
192,0.17302681347999757,2065.0000019510408,0.001000000000680707,0.009178521585186183,9967.902163688244,46.239862119059524,0.0,0.0,0.8597955767052426,4536.524725402596,7.0
193,0.10196544312961653,2065.0000006835708,0.0010000000018780687,0.004403518800084621,9837.115212801062,44.14997369758778,0.0,0.0,0.7052887335709632,4536.524725402596,7.0
194,0.16476822962216778,2065.000000000157,0.0010000000003431845,0.0068743144276084455,9958.10702613356,46.01995947410061,0.0,0.0,0.8417057449822468,4536.524725402596,7.0
195,0.10136177112661127,2065.0000124307903,0.0010000000268494853,0.008171452926369087,9835.478952683896,44.129987095546376,0.0,0.0,0.703985081020825,4536.524725402596,7.0
196,0.17838615095639032,2065.0000000053765,0.0010000000031818973,0.008970900065853639,9973.615040406079,46.379855775833974,0.0,0.0,0.8715574659795678,4536.524725402596,7.0
197,0.1692430750313218,2065.000000257335,0.0010000000125725027,0.011418632749752109,9963.566317994617,46.139752323268006,0.0,0.0,0.8515023617735853,4536.524725402596,7.0
198,0.2463160968619921,2065.000000235375,0.0010000000000733172,0.007682336387919943,10007.55054412672,47.99618276677295,0.0,0.0,1.0223769657170716,4536.524725402596,7.0
199,0.19533606694345346,2065.0000000198297,0.0010000000084957193,0.012486494612480551,9988.526417717789,46.80942472516306,0.0,0.0,0.9088807008093256,4536.524725402596,7.0
200,0.19982095083286952,2065.0000000009663,0.0010000000006864834,0.003048216103649487,9991.705061926335,46.91990808941691,0.0,0.0,0.9187889941922707,4536.524725402596,7.0
201,0.11056377072367188,2065.000000120873,0.0010000000000174641,0.010958905674595008,9859.29947589377,44.429934622084645,0.0,0.0,0.7238714933306405,4536.524725402596,7.0
202,0.22205631825367478,2065.0000000044115,0.0010000000007406992,0.014866904165833066,10003.035115083829,47.44959034491559,0.0,0.0,0.9681255263927497,4536.524725402596,7.0
203,0.1495235725959435,2065.0000001485478,0.001000000039503763,0.007200503371808785,9936.682978318839,45.59988811126416,0.0,0.0,0.8084189009833458,4536.524725402596,7.0
204,0.21520327671351375,2065.000010658114,0.001000000002726759,0.00781531417163985,10000.30657705516,47.289433814367,0.0,0.0,0.9528815923426379,4536.524725402596,7.0
205,0.15416889010066712,2065.000006306138,0.0010000000002597872,0.010414718095482908,9943.68842680785,45.729918639205316,0.0,0.0,0.8185482825702454,4536.524725402596,7.0
206,0.15923106484985955,2065.0000000197106,0.0010000000150280311,0.00713772517652134,9950.840847177551,45.8695678616823,0.0,0.0,0.8295999625730008,4536.524725402596,7.0
207,0.18343767372012015,2065.0000003544615,0.0010000000030941866,0.00403126445393841,9978.551683788392,46.50993126903185,0.0,0.0,0.8826607865976244,4536.524725402596,7.0
208,0.20516851107494247,2065.0000003981945,0.0010000000002673365,0.014646785514590432,9995.093364000735,47.04999291304341,0.0,0.0,0.9306216720280971,4536.524725402596,7.0
209,0.165126475935609,2065.0000000072373,0.001000000000186774,0.0025288975399342475,9958.55751786856,46.029606564218874,0.0,0.0,0.8424895953845486,4536.524725402596,7.0
210,0.20475509852715693,2065.000000018553,0.0010000000000022784,0.013949801519325877,9994.84678324436,47.03999902051375,0.0,0.0,0.9297061686895398,4536.524725402596,7.0
211,0.22946208122005615,2065.000000002447,0.0010000000049440697,0.005184510050494949,10005.24915216416,47.619733539405374,0.0,0.0,0.9846388864638564,4536.524725402596,7.0
212,0.22596342214907633,2065.0000000435325,0.0010000000124501124,0.007285954124134413,10004.296954037933,47.53972644881571,0.0,0.0,0.9768324106047339,4536.524725402596,7.0
213,0.13734358745426112,2065.0000000175323,0.0010000000020841666,0.009257889428876462,9916.208542460538,45.24998467564839,0.0,0.0,0.7819138331763524,4536.524725402596,7.0
214,0.17038018717744222,2065.0000006881473,0.0010000000053375828,0.0046045616090692465,9964.89606570591,46.16995043328216,0.0,0.0,0.8539937553056187,4536.524725402596,7.0
215,0.18854445304248324,2065.0000001262238,0.001000000000046309,0.00553305475860065,9983.112239853366,46.63963410783775,0.0,0.0,0.8939026401461754,4536.524725402596,7.0
216,0.18422095685408618,2065.000004595517,0.0010000000000120839,0.01485260485913445,9979.278976650903,46.52994230121053,0.0,0.0,0.8843840690857063,4536.524725402596,7.0
217,0.2246636220380901,2065.000001952918,0.0010000000049440697,0.006646523859383164,10003.900560763132,47.50983406200057,0.0,0.0,0.9739346191750358,4536.524725402596,7.0
218,0.20145378375405912,2065.0000000230243,0.0010000000034960466,0.010576134461172683,9992.785560331573,46.959816551023344,0.0,0.0,0.9223998527147128,4536.524725402596,7.0
219,0.21057988156113333,2065.0000001501867,0.00100000000015028,0.0059721955546668745,9998.087353572164,47.17985415448657,0.0,0.0,0.9426163463365707,4536.524725402596,7.0
220,0.1776178046368092,2065.000000116989,0.001000000001372601,0.0026471098054499467,9972.826381538463,46.35991289110336,0.0,0.0,0.8698700833691246,4536.524725402596,7.0
221,0.19657178988993532,2065.000002164529,0.0010000000032119164,0.012347962873888056,9989.433319773338,46.83999501425672,0.0,0.0,0.9116094033004165,4536.524725402596,7.0
222,0.1046955435114824,2065.0000000306723,0.0010000000000236666,0.003211679801677568,9844.383870311292,44.23982037467683,0.0,0.0,0.711186859109196,4536.524725402596,7.0
223,0.16737659186677062,2065.000000002466,0.0010000000001643562,0.009703128696997467,9961.333371369084,46.08997242772929,0.0,0.0,0.8474146585514207,4536.524725402596,7.0
224,0.14740494246388064,2065.0000003019522,0.0010000000000914694,0.007942005041449787,9933.343969532938,45.5399720724884,0.0,0.0,0.80380304851399,4536.524725402596,7.0
225,0.16180898988677808,2065.0000000054597,0.001000000000560493,0.011275638155603009,9954.295084766556,45.93988738336481,0.0,0.0,0.8352337853865754,4536.524725402596,7.0
226,0.10226426218568958,2065.000000003152,0.0010000000018131295,0.006769589714324551,9837.921233287552,44.15985186714781,0.0,0.0,0.7059341991412811,4536.524725402596,7.0
227,0.12892005367739146,2065.000000356598,0.0010000000099201893,0.01493604922234414,9900.159322097074,44.999937878142056,0.0,0.0,0.7636251215098836,4536.524725402596,7.0
228,0.1985971273619675,2065.00000001746,0.0010000000001194039,0.0023168394130848773,9990.868488168577,46.88988651803771,0.0,0.0,0.9160838520949592,4536.524725402596,7.0
229,0.22034534446781323,2065.0000010916515,0.0010000000257099732,0.012412305045570712,10002.415795472316,47.40985260058286,0.0,0.0,0.9643163075251386,4536.524725402596,7.0
230,0.21734371262690147,2065.0000114574596,0.0010000000097296054,0.005489209813243262,10001.230062462591,47.33974371021064,0.0,0.0,0.9576391661756825,4536.524725402596,7.0
231,0.1527300109253963,2065.0000000071273,0.0010000000009523927,0.00966840792525515,9941.564359543847,45.689835575112966,0.0,0.0,0.8154093449582692,4536.524725402596,7.0
232,0.20022211755988376,2065.0000000021328,0.0010000000009351329,0.009122557052285901,9991.974295549633,46.929728573304864,0.0,0.0,0.9196759630466822,4536.524725402596,7.0
233,0.23122819764362465,2065.0000015677697,0.0010000000004327981,0.011552491674281542,10005.666755933566,47.6598720468176,0.0,0.0,0.9885831719527887,4536.524725402596,7.0
234,0.13192542292019158,2065.0000948702163,0.0010000005937121162,0.012492471889395585,9906.069372705795,45.08996424981577,0.0,0.0,0.7701489486755437,4536.524725402596,7.0
235,0.24328577090128894,2065.0000006957675,0.0010000000049218295,0.00906845802124965,10007.410342614496,47.92956106046021,0.0,0.0,1.015575412054829,4536.524725402596,7.0
236,0.16775090305435886,2065.0000000253303,0.0010000000318351623,0.011870973995487224,9961.78618108889,46.09997670870113,0.0,0.0,0.8482342501065361,4536.524725402596,7.0
237,0.108080295572069,2065.0000000018154,0.0010000000000248961,0.0022983841781232923,9853.103000040583,44.349969651938025,0.0,0.0,0.718502056500311,4536.524725402596,7.0
238,0.19132926560940727,2065.0000001813733,0.0010000000000137462,0.007243414869205709,9985.420972168282,46.70962215095316,0.0,0.0,0.900040394784237,4536.524725402596,7.0
239,0.14145973112008192,2065.0000000002437,0.0010000000001736003,0.006596037747651941,9923.478640947873,45.36972777845296,0.0,0.0,0.7908626791436673,4536.524725402596,7.0
240,0.19173498170999495,2065.0000000165433,0.0010000000020561146,0.008505282204826164,9985.746974509511,46.71977563294662,0.0,0.0,0.9009350316613236,4536.524725402596,7.0
241,0.12040484857639587,2065.0000019331287,0.0010000000000166122,0.0015780379713839568,9882.252118804576,44.73998679274436,0.0,0.0,0.7451683797012396,4536.524725402596,7.0
242,0.21905575068439884,2065.000000014922,0.001000000000355767,0.005336145775708283,10001.921952264987,47.379792418972286,0.0,0.0,0.9614466142211258,4536.524725402596,7.0
243,0.2419033344959261,2065.0000001483263,0.001000000000196141,0.008513981600528145,10007.307098758482,47.89901638439455,0.0,0.0,1.0124749114375224,4536.524725402596,7.0
244,0.21649352779378817,2065.00000000633,0.0010000000081483416,0.008711717044035682,10000.871078164892,47.31978862635114,0.0,0.0,0.955748711212419,4536.524725402596,7.0
245,0.24466581684699445,2065.000000003998,0.0010000000004876913,0.013977984826346703,10007.488820448158,47.959957546129836,0.0,0.0,1.0186720083198553,4536.524725402596,7.0
246,0.12792614906680067,2065.0000001012622,0.0010000000004789509,0.012263324160970944,9898.15846284017,44.96997693384604,0.0,0.0,0.761469281734611,4536.524725402596,7.0
247,0.12726127887029073,2065.000000009613,0.001000000004576366,0.009031087063368266,9896.807036856913,44.94987940431292,0.0,0.0,0.7600273740065199,4536.524725402596,7.0
248,0.15023535262914467,2065.000000002419,0.0010000000000753894,0.006133362956502884,9937.784392254385,45.619930713114925,0.0,0.0,0.8099701885458607,4536.524725402596,7.0
249,0.10348197330571843,2065.0000000049604,0.001000000000000215,0.008841334021385506,9841.179197962216,44.199993942374014,0.0,0.0,0.7085648149255653,4536.524725402596,7.0
250,0.1102526246455651,2065.000000046434,0.001000000000009097,0.006190005960175616,9858.532316464154,44.41995509974903,0.0,0.0,0.7231986716026627,4536.524725402596,7.0
251,0.1256123048151616,2065.0,0.0010000000001269254,0.011468822472619078,9893.410162638942,44.899841984381844,0.0,0.0,0.7564520382989368,4536.524725402596,7.0
252,0.20433324871263475,2065.0000001796325,0.001000000170678741,0.009082027368957699,9994.592362666599,47.029790556382196,0.0,0.0,0.9287721229328447,4536.524725402596,7.0
253,0.23920582934915086,2065.0000001370513,0.0010000000001500718,0.007691090968880792,10007.034194629956,47.83913909307622,0.0,0.0,1.006429337206801,4536.524725402596,7.0
254,0.19697320608950003,2065.000000012139,0.001000000001979084,0.005054590915897249,9989.722813266979,46.84990364104582,0.0,0.0,0.9124959494670886,4536.524725402596,7.0
255,0.21692063038311016,2065.000000021939,0.0010000000004557065,0.009862370861180395,10001.052719759824,47.32981678219119,0.0,0.0,0.9566981697096406,4536.524725402596,7.0
256,0.10777073083889074,2065.0000000045848,0.001000000004293706,0.004087264299786794,9852.318786900609,44.339951775862474,0.0,0.0,0.7178328853017445,4536.524725402596,7.0
257,0.19334193326662164,2065.0000000000864,0.001000000000709676,0.005367850279548238,9987.012542662373,46.759885217815786,0.0,0.0,0.9044796133165227,4536.524725402596,7.0
258,0.15815258764642096,2065.0000000058253,0.0010000000022847716,0.007893257109708075,9949.358416353087,45.839991231743376,0.0,0.0,0.8272441874642167,4536.524725402596,7.0
259,0.10045651406036755,2065.0000004011854,0.0010000000000191253,0.008314537817974036,9833.005420910378,44.09992322634411,0.0,0.0,0.7020295986182585,4536.524725402596,7.0
260,0.14320190913848707,2065.0000000047303,0.0010000000004014352,0.004539553775565289,9926.44630747706,45.41994298144546,0.0,0.0,0.7946528410557572,4536.524725402596,7.0
261,0.1921400416222244,2065.0000000004425,0.0010000000002025804,0.00978018379644052,9986.069842245826,46.72990191812266,0.0,0.0,0.9018283378741934,4536.524725402596,7.0
262,0.21819847359873146,2065.0000000005307,0.0010000000000923018,0.008328795652788525,10001.580690775525,47.359757702168906,0.0,0.0,0.9595396481891665,4536.524725402596,7.0
263,0.1977862067955427,2065.00000000418,0.0010000000018193873,0.00957045500985938,9990.30147534563,46.86994165258296,0.0,0.0,0.9142919683915585,4536.524725402596,7.0
264,0.21437279283641797,2065.0000011530765,0.001000000000000093,0.005489209813243262,9999.930662956072,47.2698399098476,0.0,0.0,0.9510363011739387,4536.524725402596,7.0
265,0.23432000464237715,2065.0000000001005,0.001000000002139271,0.008364818555281088,10006.296980744048,47.72974111495762,0.0,0.0,0.9954937612647454,4536.524725402596,7.0
266,0.23343743460515248,2065.0000000034497,0.0010000000039771034,0.00677627707947316,10006.130107197283,47.70984773679961,0.0,0.0,0.9935203396520251,4536.524725402596,7.0
267,0.13125633169351486,2065.0000000007603,0.0010000000023407377,0.004253207905563201,9904.772157444668,45.06997806574986,0.0,0.0,0.7686943100634785,4536.524725402596,7.0
268,0.16439268729207604,2065.00000002733,0.0010000000358117796,0.011798628766593992,9957.632216024012,46.00983592276384,0.0,0.0,0.8408841337964991,4536.524725402596,7.0
269,0.20268014590907804,2065.0000015147907,0.0010000000004303962,0.011699676348473603,9993.570446152497,46.98968150906671,0.0,0.0,0.9251131203075911,4536.524725402596,7.0
270,0.12693310770546404,2065.000000350424,0.0010000000002026424,0.014840167873602969,9896.13615239275,44.93994322838074,0.0,0.0,0.7593157456930324,4536.524725402596,7.0
271,0.18934873855363266,2065.000000000117,0.0010000000047836234,0.00668676616520264,9983.791813058566,46.65990050159048,0.0,0.0,0.8956747502473341,4536.524725402596,7.0
272,0.16291775168815342,2065.0000000065465,0.00100000000006324,0.014943300533648944,9955.742379020308,45.969969217221966,0.0,0.0,0.8376580790716671,4536.524725402596,7.0
273,0.20309642286274793,2065.0000005529287,0.0010000000013229812,0.01238526207321025,9993.83169895041,46.999797266315845,0.0,0.0,0.9260343126390647,4536.524725402596,7.0
274,0.12202161669489073,2065.000000143563,0.001000000005289762,0.007864791030238226,9885.787343218479,44.789919746809865,0.0,0.0,0.7486704693908308,4536.524725402596,7.0
275,0.13666074091352817,2065.000000003018,0.0010000000001032553,0.01300374918649381,9914.96680151728,45.2299677607836,0.0,0.0,0.7804300568985247,4536.524725402596,7.0
276,0.12495752639081237,2065.000000000118,0.0010000000000000484,0.0063795219743584715,9892.043336049876,44.87989625987563,0.0,0.0,0.7550326468659406,4536.524725402596,7.0
277,0.15997437273718743,2065.0000000641644,0.0010000002985362127,0.01362957593403637,9951.84941539185,45.88989806251109,0.0,0.0,0.831224000364316,4536.524725402596,7.0
278,0.2212023513452692,2065.0000010949047,0.0010000000004327981,0.012980965170912935,10002.731127948264,47.429777384688684,0.0,0.0,0.9662240436904201,4536.524725402596,7.0
279,0.15597454981924494,2065.00000001687,0.001000000000097759,0.012456653912900191,9946.29653520444,45.779971222055714,0.0,0.0,0.8224886079916316,4536.524725402596,7.0
280,0.18973564284106367,2065.0000000065943,0.0010000000000565106,0.005491720690478853,9984.11502076707,46.66963432942215,0.0,0.0,0.8965273874181072,4536.524725402596,7.0
281,0.11528327111093001,2065.0000000876835,0.0010000000000496454,0.007818044856648576,9870.619878877616,44.57995991459323,0.0,0.0,0.7340806976173893,4536.524725402596,7.0
282,0.11623579100843695,2065.0000003441064,0.0010000000001572289,0.005042980439585823,9872.833898817998,44.60993778836903,0.0,0.0,0.7361420933815159,4536.524725402596,7.0
283,0.11815142996749338,2065.0000002320176,0.0010000000000896603,0.0037637647920968475,9877.216099415242,44.669926603195954,0.0,0.0,0.7402887738146062,4536.524725402596,7.0
284,0.15094789530307698,2065.0000000016785,0.0010000000000013156,0.009897075269348177,9938.876739093785,45.639951401116974,0.0,0.0,0.811523415424824,4536.524725402596,7.0
285,0.16254722666359325,2065.0000000940245,0.0010000000001600972,0.005736041589610286,9955.261273547712,45.959927317404855,0.0,0.0,0.8368478526514421,4536.524725402596,7.0
286,0.1299163667649563,2065.0000006641862,0.0010000000176295179,0.007577851828797592,9902.141909301448,45.02987275894908,0.0,0.0,0.7657866131622901,4536.524725402596,7.0
287,0.2360980647052054,2065.00000000067,0.001000000014894994,0.010130966606248263,10006.601724064185,47.76969591865779,0.0,0.0,0.9994713186272708,4536.524725402596,7.0
288,0.12660391313443056,2065.0000000017117,0.0010000000000396135,0.010171258069215303,9895.460611419847,44.92996494888079,0.0,0.0,0.758601926005255,4536.524725402596,7.0
289,0.16402453197472752,2065.0000001195044,0.0010000000268761322,0.0147440156055765,9957.164266158969,45.999900853935294,0.0,0.0,0.8400787672967609,4536.524725402596,7.0
290,0.21140385789163887,2065.000000005928,0.0010000000001510938,0.004708674542166147,9998.505522413016,47.19947443764122,0.0,0.0,0.9444446027186439,4536.524725402596,7.0
291,0.20765741382544511,2065.0000000055957,0.0010000000000046333,0.008376353934123986,9996.52410737117,47.10993973895348,0.0,0.0,0.9361358651047014,4536.524725402596,7.0
292,0.17151497724644033,2065.000000187519,0.0010000000004057427,0.013505760649849863,9966.200151186553,46.19998990657131,0.0,0.0,0.8564808315470849,4536.524725402596,7.0
293,0.14669422210052077,2065.000000000592,0.0010000000003075771,0.0012793115860039064,9932.20330535831,45.51978495882999,0.0,0.0,0.8022551260153539,4536.524725402596,7.0
294,0.239607609274569,2065.000000000016,0.0010000000001305917,0.008606037950998097,10007.080853993877,47.848080811335606,0.0,0.0,1.007329431191861,4536.524725402596,7.0
295,0.1538115921696408,2065.0000000276286,0.0010000000004124674,0.004467232740911182,9943.164796627772,45.719980181168566,0.0,0.0,0.8177685988056479,4536.524725402596,7.0
296,0.18500714912922392,2065.0000003226987,0.001000000000503572,0.0024247747461242316,9979.998791469458,46.54998266712423,0.0,0.0,0.8861139188308178,4536.524725402596,7.0
297,0.1505853076468158,2065.000000005114,0.0010000000000065768,0.008833393787632867,9938.322155963182,45.629769001843755,0.0,0.0,0.8107329992465366,4536.524725402596,7.0
298,0.24012075170658614,2065.0000000006157,0.0010000000009587446,0.006699031074022876,10007.137379096506,47.85948907141594,0.0,0.0,1.0084791952218448,4536.524725402596,7.0
299,0.14599641873907201,2065.0000007866993,0.001000000001141557,0.008839716527905592,9931.073252432358,45.49992194928922,0.0,0.0,0.8007356215294343,4536.524725402596,7.0
300,0.23034911122710394,2065.000000314236,0.0010000000000720895,0.012769688276040036,10005.46415678715,47.63991367117291,0.0,0.0,0.9866195868245011,4536.524725402596,7.0
301,0.21098726622765782,2065.0000000000095,0.0010000000000691327,0.014393403250003288,9998.29533749089,47.18955966624773,0.0,0.0,0.9435201960748283,4536.524725402596,7.0
302,0.22250471244576367,2065.0000000122527,0.0010000000000079227,0.00779979250506317,10003.190663856978,47.45997750340455,0.0,0.0,0.9691241782856408,4536.524725402596,7.0
303,0.1359760602404957,2065.000000263789,0.0010000000305075722,0.007072146896591979,9913.711369116061,45.20985311077322,0.0,0.0,0.778942523705821,4536.524725402596,7.0
304,0.16625539230086336,2065.0000001493668,0.0010000000005008832,0.008797674883070138,9959.961740154522,46.05994178735403,0.0,0.0,0.8449601946425515,4536.524725402596,7.0
305,0.17417329114839877,2065.000000002958,0.0010000000003075771,0.008047421255852318,9969.166121799379,46.269985132645154,0.0,0.0,0.8623101255671629,4536.524725402596,7.0
306,0.20722082617223012,2065.0000000016184,0.0010000000000758098,0.009161296091160313,9996.279781423673,47.09945131893745,0.0,0.0,0.9351682759652407,4536.524725402596,7.0
307,0.11687496886773749,2065.000000063,0.0010000000002250706,0.009205513303499889,9874.306498363188,44.62999818662324,0.0,0.0,0.7375255362829433,4536.524725402596,7.0
308,0.1901480123957741,2065.0000000003206,0.0010000000000086769,0.006484745623508887,9984.456850115415,46.679997829015385,0.0,0.0,0.8974362546426666,4536.524725402596,7.0
309,0.11911472367525787,2065.000000000549,0.001000000001405423,0.008139364023952824,9879.384509067124,44.699942291066876,0.0,0.0,0.7423744592028868,4536.524725402596,7.0
310,0.1488033553484263,2065.000000006606,0.001000000000372019,0.005283149333299525,9935.558165736617,45.57956350096123,0.0,0.0,0.8068494934132631,4536.524725402596,7.0
311,0.1435517586867473,2065.000000028261,0.001000000001074879,0.005073248425375596,9927.034511626945,45.4299938028624,0.0,0.0,0.7954141344747042,4536.524725402596,7.0
312,0.1143275475686366,2065.0000000031155,0.0010000000004653624,0.009788381374224572,9868.37477737046,44.549780570585625,0.0,0.0,0.7320126855946294,4536.524725402596,7.0
313,0.22640076457385638,2065.00000086857,0.0010000000000720895,0.012769688276040036,10004.425126212895,47.54976403315163,0.0,0.0,0.9778077594810286,4536.524725402596,7.0
314,0.14494523209980198,2065.0000000155324,0.0010000000000354539,0.007376101364791556,9929.351891509496,45.4699182642833,0.0,0.0,0.7984470314620848,4536.524725402596,7.0
315,0.22163846854491767,2065.0000000037544,0.001000000000181952,0.011320566681858598,10002.887644448987,47.43990069432342,0.0,0.0,0.9671950382996755,4536.524725402596,7.0
316,0.14459516686054164,2065.0000000148398,0.001000000000026951,0.007371558449772393,9928.77354387689,45.45990480377757,0.0,0.0,0.797685020396105,4536.524725402596,7.0
317,0.14844963978117806,2065.000000013461,0.0010000000002481212,0.010184831050821982,9935.00187141381,45.569565229086955,0.0,0.0,0.8060788237989736,4536.524725402596,7.0
318,0.19575008511849917,2065.000000001809,0.0010000000000279354,0.004535718686345176,9988.832926150051,46.8196777550121,0.0,0.0,0.9097947895585832,4536.524725402596,7.0
319,0.1111881740873321,2065.000000060172,0.0010000000002250706,0.009205513303499889,9860.83113844013,44.449927872094456,0.0,0.0,0.7252217873529261,4536.524725402596,7.0
320,0.15201894641523916,2065.0000000594523,0.0010000000000000174,0.011114147947454094,9940.499577394894,45.669964019533495,0.0,0.0,0.8138586518138083,4536.524725402596,7.0
321,0.1707587709192755,2065.000000000024,0.0010000000014700596,0.0029947312040849686,9965.333672723798,46.1799826266626,0.0,0.0,0.8548233799006264,4536.524725402596,7.0
322,0.1772306445477588,2065.0000001532408,0.0010000000003053562,0.011140694615004904,9972.425163971344,46.34984788733124,0.0,0.0,0.869019975389934,4536.524725402596,7.0
323,0.2405882878828398,2065.000000073893,0.001000000077644024,0.012851408671674813,10007.185814911792,47.869871820262915,0.0,0.0,1.009526953429714,4536.524725402596,7.0
324,0.13529727721750334,2065.0000000002747,0.0010000000005116337,0.008695029799712171,9912.456557252357,45.18986782941198,0.0,0.0,0.7774680075014223,4536.524725402596,7.0
325,0.17455477944222872,2065.000000037131,0.0010000000002471563,0.002888895340833893,9969.581614536937,46.2799873210285,0.0,0.0,0.8631470393232497,4536.524725402596,7.0
326,0.22684271928638444,2065.0000000336795,0.001000000000285476,0.00878363265722801,10004.551979919675,47.559896406778456,0.0,0.0,0.9787934910250535,4536.524725402596,7.0
327,0.1025703374888213,2065.000000005019,0.0010000000000150383,0.006928363007533087,9838.74415027379,44.1699587382455,0.0,0.0,0.7065953777608935,4536.524725402596,7.0
328,0.1370025123310003,2065.0000001100957,0.0010000000006644735,0.008439112602225808,9915.58958754419,45.23999192140682,0.0,0.0,0.781172676433829,4536.524725402596,7.0
329,0.1463487182934633,2065.0000000128034,0.001000000001514601,0.014200096432568136,9931.645037217908,45.509955418764626,0.0,0.0,0.8015027312207061,4536.524725402596,7.0
330,0.1442453273279482,2065.0000000148398,0.001000000000026951,0.007371558449772393,9928.193013007342,45.44988690822681,0.0,0.0,0.7969235634342262,4536.524725402596,7.0
331,0.17531276182263805,2065.000000029996,0.0010000000051915855,0.004586826583234942,9970.399651506486,46.29982919794744,0.0,0.0,0.8648101812947085,4536.524725402596,7.0
332,0.16961830133188882,2065.000000487143,0.0010000000002320785,0.005424377133977007,9964.007673840437,46.14972794056513,0.0,0.0,0.8523243907231686,4536.524725402596,7.0
333,0.1342822357520718,2065.0000003592713,0.0010000000002026424,0.008319711915207379,9910.560930022199,45.15990062163671,0.0,0.0,0.7752634583434093,4536.524725402596,7.0
334,0.23521267556239206,2065.000000014493,0.0010000000016374883,0.011716120462960016,10006.455223424466,47.749820851746335,0.0,0.0,0.9974903798707935,4536.524725402596,7.0
335,0.1865818611668443,2065.0000000394525,0.0010000000001575715,0.002348864409637803,9981.410009700408,46.589997885340026,0.0,0.0,0.8895802083678352,4536.524725402596,7.0
336,0.16551203378936147,2065.0000000002606,0.0010000000002727291,0.007209175671948452,9959.03972250695,46.03997799134366,0.0,0.0,0.8433332894736761,4536.524725402596,7.0
337,0.10869864420661883,2065.0000000005853,0.0010000000000665063,0.006437843400100795,9854.661555401155,44.369946615150155,0.0,0.0,0.7198387945009097,4536.524725402596,7.0
338,0.11878855250600509,2065.0000000004766,0.0010000000004188436,0.010443250570958294,9878.652907199707,44.689790134104086,0.0,0.0,0.7416682063187211,4536.524725402596,7.0
339,0.17492812657520787,2065.000000051159,0.0010000000000002446,0.008478677227039221,9969.985790386196,46.289765753876054,0.0,0.0,0.86396618134527,4536.524725402596,7.0
340,0.17378877831192474,2065.000000041234,0.0010000000001194219,0.00651577524448585,9968.744768803805,46.25989287685947,0.0,0.0,0.861466671366464,4536.524725402596,7.0
341,0.23388231203624887,2065.0000000900295,0.0010000000000002915,0.012594436844697396,10006.215523159795,47.71988051619012,0.0,0.0,0.9945150107924983,4536.524725402596,7.0
342,0.19052834513839767,2065.0000000007512,0.0010000000001902762,0.007039745829290116,9984.769706743979,46.68954616919878,0.0,0.0,0.8982746147469662,4536.524725402596,7.0
343,0.14987866936179794,2065.0000000005266,0.0010000000011420671,0.0038696467286247578,9937.233753342809,45.60989248753,0.0,0.0,0.8091927799181178,4536.524725402596,7.0
344,0.125945555935389,2065.000000042421,0.0010000000001362417,0.008284668738050243,9894.1018734192,44.90997661421133,0.0,0.0,0.757174509647383,4536.524725402596,7.0
345,0.2242288885293884,2065.000000010741,0.0010000000000048711,0.003551260411354907,10003.762798798463,47.499814766340656,0.0,0.0,0.9729656250222409,4536.524725402596,7.0
346,0.22727381337791658,2065.0000000565797,0.0010000000006938842,0.009947069516024268,10004.673142864885,47.569769838353956,0.0,0.0,0.9797551673528024,4536.524725402596,7.0
347,0.22770882829580397,2065.0000000722434,0.0010000000000199229,0.0074154533270636355,10004.792838338197,47.57972287571103,0.0,0.0,0.9807257329921026,4536.524725402596,7.0
348,0.2131017376854491,2065.000000061551,0.0010000000005363548,0.013724671192341272,9999.336116757808,47.239778023240675,0.0,0.0,0.9482134670716769,4536.524725402596,7.0
349,0.10838785396034904,2065.000000000156,0.001000000000084153,0.007924401544795807,9853.879515917233,44.359911502628464,0.0,0.0,0.719166918213769,4536.524725402596,7.0
350,0.11559490687188982,2065.000000006933,0.0010000000000011356,0.008442734173462835,9871.346819104303,44.58977871628313,0.0,0.0,0.7347550855069525,4536.524725402596,7.0
351,0.14076634091820603,2065.000000000627,0.001000000000125674,0.012083504604208449,9922.279537819368,45.349665436066864,0.0,0.0,0.7893546090366759,4536.524725402596,7.0
352,0.17263756999923677,2065.00000019401,0.0010000000000064786,0.010084088074521963,9967.467804249953,46.229612266479265,0.0,0.0,0.858941976511446,4536.524725402596,7.0
353,0.19616063958116617,2065.0000000963732,0.001000000000922252,0.008390217527745089,9989.134221102067,46.82983414608177,0.0,0.0,0.910701351457261,4536.524725402596,7.0
354,0.18383072265903624,2065.0000000003606,0.0010000000003980315,0.00665341650592003,9978.917910773607,46.51997731226085,0.0,0.0,0.8835254033754132,4536.524725402596,7.0
355,0.1397387405452761,2065.0000000004866,0.0010000000000057836,0.011297226291498926,9920.483510427346,45.31985229404099,0.0,0.0,0.7871200940083458,4536.524725402596,7.0
356,0.20804785259595548,2065.0000000011437,0.0010000000003967727,0.014129040171661644,9996.740221748552,47.11930978016855,0.0,0.0,0.9370012927326419,4536.524725402596,7.0
357,0.16662841116490776,2065.0000000056234,0.0010000000003351824,0.009847061481128641,9960.420613078379,46.0699435527774,0.0,0.0,0.8457766985459413,4536.524725402596,7.0
358,0.1929364813702378,2065.000000000113,0.0010000000005028179,0.010550888663690845,9986.697081544335,46.7497810786655,0.0,0.0,0.903585108713882,4536.524725402596,7.0
359,0.2255250208080301,2065.0000000166065,0.0010000000000174006,0.007782880404176941,10004.165862836066,47.52965434801484,0.0,0.0,0.975854869812798,4536.524725402596,7.0
360,0.2039289738989539,2065.0000000436303,0.001000000000034896,0.01363923138362418,9994.346372764718,47.01999707464298,0.0,0.0,0.9278771017736152,4536.524725402596,7.0
361,0.24552886466167656,2065.000000276262,0.0010000000004076243,0.0063629893243505545,10007.525452434562,47.97891905773794,0.0,0.0,1.0206093289790001,4536.524725402596,7.0
362,0.15742142538302822,2065.000000003988,0.0010000000000358648,0.012589765263252065,9948.340733845595,45.81988586222628,0.0,0.0,0.8256474497852334,4536.524725402596,7.0
363,0.21563310580152048,2065.000000000247,0.001000000000155147,0.0069935891386113825,10000.497287051665,47.29955458970372,0.0,0.0,0.9538363841785356,4536.524725402596,7.0
364,0.15851487341958603,2065.0000000004875,0.0010000000000846892,0.005620540721588468,9949.858881220325,45.84993720929152,0.0,0.0,0.828035472817527,4536.524725402596,7.0
365,0.16143784046437876,2065.0000000099567,0.0010000000079162675,0.010622902466698069,9953.805475052815,45.92979599410763,0.0,0.0,0.8344224332776105,4536.524725402596,7.0
366,0.15488334067955106,2065.0000000017317,0.001000000000006448,0.0036562405888733666,9944.727996499712,45.74975432138761,0.0,0.0,0.8201070426668222,4536.524725402596,7.0
367,0.12825534274864722,2065.0000000042337,0.0010000000001634559,0.014714575192878625,9898.823738331657,44.97991125958115,0.0,0.0,0.7621832716291219,4536.524725402596,7.0
368,0.23700336099583932,2065.0000001071985,0.0010000000028378253,0.0057521648265605255,10006.740829434373,47.78997600704592,0.0,0.0,1.0014974279199194,4536.524725402596,7.0
369,0.16328559877089677,2065.0000000974555,0.0010000000003872948,0.014578625927361486,9956.21748199068,45.97992790527354,0.0,0.0,0.8384625346676853,4536.524725402596,7.0
370,0.14285247530025935,2065.000000000779,0.001000000000002427,0.0055227361226294555,9925.856226988975,45.40989313330734,0.0,0.0,0.7938925145866075,4536.524725402596,7.0
371,0.18539355511004518,2065.0000000026093,0.0010000000000052651,0.006749635239754324,9980.348843111567,46.55981728809908,0.0,0.0,0.8869643239845402,4536.524725402596,7.0
372,0.1115032341472239,2065.0000001194194,0.001000000000000509,0.006785051946547263,9861.600011798331,44.45999915210629,0.0,0.0,0.7259031641602893,4536.524725402596,7.0
373,0.2233639948709759,2065.0000000140876,0.0010000000029484664,0.008091396892835431,10003.48094359504,47.47985183374293,0.0,0.0,0.9710383712971169,4536.524725402596,7.0
374,0.15705115291251656,2065.000000389899,0.001000000000367526,0.0053649353607890206,9947.821444159747,45.809687666623795,0.0,0.0,0.8248389623607769,4536.524725402596,7.0
375,0.23631674027776112,2065.000000000787,0.0010000000004898966,0.014148818604592581,10006.6363278176,47.77459846657969,0.0,0.0,0.9999606692005962,4536.524725402596,7.0
376,0.14390024947480262,2065.000000000017,0.0010000000000189558,0.010456230557715515,9927.617874562948,45.43999467000715,0.0,0.0,0.7961725315850665,4536.524725402596,7.0
377,0.18304242725323475,2065.000000000096,0.001000000000096092,0.005245724683453303,9978.180832909566,46.499818068920995,0.0,0.0,0.8817914183870807,4536.524725402596,7.0
378,0.2365262004481484,2065.0000000000623,0.0010000000000052105,0.006891075975961805,10006.668867705299,47.7792920968895,0.0,0.0,1.0004294323026328,4536.524725402596,7.0
379,0.14810934143505844,2065.0000035901985,0.0010000000001742055,0.012885896013039745,9934.464270292563,45.55993698196707,0.0,0.0,0.8053375441962165,4536.524725402596,7.0
380,0.131581565349992,2065.000000017221,0.0010000000000469126,0.00922543299375158,9905.404341391166,45.07968583669343,0.0,0.0,0.7694001846288228,4536.524725402596,7.0
381,0.1010607369017541,2065.000000000026,0.001000000000001117,0.010478851418592101,9834.659093744769,44.11999871634757,0.0,0.0,0.703334583044902,4536.524725402596,7.0
382,0.24284643583827753,2065.0000002587026,0.0010000000000711488,0.008775134820626659,10007.380214418603,47.919864307258045,0.0,0.0,1.014589909597446,4536.524725402596,7.0
383,0.24727298687540245,2065.0000000000623,0.0010000000000052105,0.006891075975961805,10007.570380696268,48.017126003496635,0.0,0.0,1.0245262015394518,4536.524725402596,7.0
384,0.23209373657837898,2065.000000376139,0.0010000000001362756,0.00969424809403551,10005.856082964792,47.67948209095834,0.0,0.0,0.9905170004856279,4536.524725402596,7.0
385,0.11847132850184,2065.000000000514,0.0010000000020146263,0.008649295356111981,9877.938799449981,44.67990549486129,0.0,0.0,0.7409813640197009,4536.524725402596,7.0
386,0.21226721920421898,2065.000000139184,0.0010000000002185906,0.007317413555742401,9998.933091879288,47.21998971735557,0.0,0.0,0.9463607866995432,4536.524725402596,7.0
387,0.15668962632652864,2065.0000000106716,0.0010000000011345476,0.008705374889039021,9947.311872328293,45.79971932473642,0.0,0.0,0.8240496263032333,4536.524725402596,7.0
388,0.198194127167292,2065.0000000023165,0.0010000000017977397,0.012290357519590728,9990.587968262382,46.87997980577003,0.0,0.0,0.9151932885923344,4536.524725402596,7.0
389,0.2356632337233064,2065.0000000001337,0.0010000000001998686,0.0010629385671087346,10006.53107999258,47.75993997740818,0.0,0.0,0.9984983670070882,4536.524725402596,7.0
390,0.12137518495800718,2065.000000053029,0.0010000000000027975,0.009470713781363771,9884.381612279753,44.769987920689694,0.0,0.0,0.7472700900997693,4536.524725402596,7.0
391,0.1861867306602089,2065.0000000184236,0.001000000000069435,0.0029878116771284123,9981.059718636527,46.57997303549893,0.0,0.0,0.8887102808359901,4536.524725402596,7.0
392,0.11087738021067219,2065.0000000002397,0.0010000000000889022,0.0036000977996209905,9860.070070153524,44.439981872951016,0.0,0.0,0.7245496674166053,4536.524725402596,7.0
393,0.12626462160566426,2065.0000000490395,0.0010000000000052443,0.00342029324673199,9894.761658704692,44.91966924546139,0.0,0.0,0.7578662697260533,4536.524725402596,7.0
394,0.16033814968993432,2065.0000000151526,0.0010000000001143868,0.005055230749496965,9952.339632826455,45.89983153575176,0.0,0.0,0.8320189236153215,4536.524725402596,7.0
395,0.1174993982077159,2065.000000003213,0.0010000000000067147,0.004237574964743639,9875.735023286146,44.64955273884822,0.0,0.0,0.7388772022349084,4536.524725402596,7.0
